   1    5    0    0    0    0.802673
   1    6    0    0    0    0.320508
   1    6    0    1    0    0.320508
   1    7    0    0    0    0.374650
   1    7    0    1    0    0.374650
   1    8    1    0    0    0.167248
   1    3    0    1    0    0.082691
   1    3    0    0    0    0.082691
   1    4    0    0    0   -0.033023
   1    4    1    0    0   -0.033023
   1    8    0    0    0   -0.054894
   1    1    0   -1    0   -0.031711
   1    1    0    1    0   -0.031711
   1    3    1    1    0    0.007770
   1    3    1    0    0    0.007770
   1    2    0    1    0    0.004615
   1    2    0    0    0    0.004615
   1    2    0    0    1    0.004615
   1    2    0    1    1    0.004615
   1    6   -1    0    0   -0.052051
   1    6   -1    1    0   -0.052051
   1    5    0    1    0   -0.004348
   1    5    0   -1    0   -0.004348
   1    7    1    0    0    0.012602
   1    7    1    1    0    0.012602
   1    8    1    1    0    0.035820
   1    8    1   -1    0    0.035820
   1    5    0    0    1    0.055092
   1    5    1    0    0    0.034914
   1    1   -1    0    0    0.002791
   1    1    1    0    0    0.002791
   1    4    1    0   -1   -0.010965
   1    4    0    0   -1   -0.010965
   1    4    0   -1    0   -0.008645
   1    4    1   -1    0   -0.008645
   1    4    0    1    0   -0.008645
   1    4    1    1    0   -0.008645
   1    8    0    1    0   -0.043042
   1    8    0   -1    0   -0.043042
   1    8    1    0    1   -0.012231
   1    2   -1    0    1   -0.002726
   1    2   -1    1    1   -0.002726
   1    2   -1    1    0   -0.002725
   1    2   -1    0    0   -0.002725
   1    6    0   -1    0   -0.000195
   1    6    0    2    0   -0.000195
   1    7    0   -1    0   -0.020946
   1    7    0    2    0   -0.020946
   1    3    0    2    0   -0.007837
   1    3    0   -1    0   -0.007837
   1    8    0    0    1    0.010381
   1    7    0    1   -1   -0.004860
   1    7    0    0   -1   -0.004860
   1    5    0   -1    1   -0.012611
   1    5    0    1    1   -0.012611
   1    5   -1    0    0    0.020543
   1    5    1    1    0    0.006189
   1    5    1   -1    0    0.006189
   1    1   -1   -1    0   -0.002397
   1    1   -1    1    0   -0.002397
   1    1    1   -1    0   -0.002397
   1    1    1    1    0   -0.002397
   1    5    1    0    1   -0.003734
   1    4    1   -1   -1    0.002103
   1    4    0   -1   -1    0.002103
   1    4    1    1   -1    0.002103
   1    4    0    1   -1    0.002103
   1    7   -1    0    0   -0.005270
   1    7   -1    1    0   -0.005270
   1    6    0    1   -1    0.005342
   1    6    0    0   -1    0.005342
   1    3    1    2    0    0.000543
   1    3    1   -1    0    0.000543
   1    8    1   -1    1   -0.003741
   1    8    1    1    1   -0.003741
   1    6    1    0    0   -0.005827
   1    6    1    1    0   -0.005827
   1    2    0    2    0   -0.001899
   1    2    0   -1    0   -0.001899
   1    2    0   -1    1   -0.001899
   1    2    0    2    1   -0.001899
   1    3    0    0    1    0.000253
   1    3    0    1    1    0.000253
   1    6   -1   -1    0   -0.001461
   1    6   -1    2    0   -0.001461
   1    2    1    1    0   -0.002399
   1    2    1    0    0   -0.002399
   1    2    1    0    1   -0.002399
   1    2    1    1    1   -0.002399
   1    3   -1    1    0   -0.000850
   1    3   -1    0    0   -0.000850
   1    7    1   -1    0   -0.013059
   1    7    1    2    0   -0.013059
   1    8    2    0    0    0.000061
   1    7    1    1   -1    0.001231
   1    7    1    0   -1    0.001231
   1    8    0   -1    1    0.008565
   1    8    0    1    1    0.008565
   1    1    0    0   -1    0.002285
   1    1    0    0    1    0.002285
   1    5   -1    1    0    0.003504
   1    5   -1   -1    0    0.003504
   1    6   -1    1   -1   -0.002814
   1    6   -1    0   -1   -0.002814
   1    3    1    0    1    0.004273
   1    3    1    1    1    0.004273
   1    5   -1    0    1    0.009053
   1    5    1   -1    1   -0.010279
   1    5    1    1    1   -0.010279
   1    1    0    2    0   -0.001710
   1    1    0   -2    0   -0.001710
   1    4   -1    0    0   -0.001914
   1    4    2    0    0   -0.001914
   1    2   -1   -1    1   -0.004248
   1    2   -1    2    1   -0.004248
   1    2   -1    2    0   -0.004248
   1    2   -1   -1    0   -0.004248
   1    5    0    2    0   -0.006133
   1    5    0   -2    0   -0.006133
   1    8    2    1    0   -0.003043
   1    8    2   -1    0   -0.003043
   1    8    1    2    0   -0.005104
   1    8    1   -2    0   -0.005104
   1    7    0    2   -1   -0.003675
   1    7    0   -1   -1   -0.003675
   1    1    0   -1    1   -0.003004
   1    1    0    1   -1   -0.003004
   1    1    0   -1   -1   -0.003004
   1    1    0    1    1   -0.003004
   1    5   -1   -1    1    0.000597
   1    5   -1    1    1    0.000597
   1    8   -1    0    0    0.003969
   1    4    0   -2    0    0.002886
   1    4    1   -2    0    0.002886
   1    4    0    2    0    0.002886
   1    4    1    2    0    0.002886
   1    7   -1   -1    0   -0.007457
   1    7   -1    2    0   -0.007457
   1    6    0    2   -1   -0.001788
   1    6    0   -1   -1   -0.001788
   1    3    2    1    0   -0.000986
   1    3    2    0    0   -0.000986
   1    8    0    2    0   -0.000835
   1    8    0   -2    0   -0.000835
   1    7   -1    1   -1   -0.000187
   1    7   -1    0   -1   -0.000187
   1    8    2    0    1   -0.003637
   1    3    0    1   -1   -0.002409
   1    3    0    0   -1   -0.002409
   1    6    1   -1    0    0.002810
   1    6    1    2    0    0.002810
   1    3    0   -1    1   -0.002568
   1    3    0    2    1   -0.002568
   1    6    0    0    1    0.000804
   1    6    0    1    1    0.000804
   1    4    2    0   -1   -0.000089
   1    4   -1    0   -1   -0.000089
   1    1   -1    0    1    0.002096
   1    1    1    0   -1    0.002096
   1    1   -1    0   -1    0.001977
   1    1    1    0    1    0.001977
   1    4   -1   -1    0    0.000124
   1    4    2   -1    0    0.000124
   1    4   -1    1    0    0.000124
   1    4    2    1    0    0.000124
   1    6   -2    0    0    0.001731
   1    6   -2    1    0    0.001731
   1    2    1    2    0   -0.002555
   1    2    1   -1    0   -0.002555
   1    2    1   -1    1   -0.002555
   1    2    1    2    1   -0.002555
   1    3   -1    2    0    0.000828
   1    3   -1   -1    0    0.000828
   1    7    1    2   -1    0.004088
   1    7    1   -1   -1    0.004088
   1    3    1    1   -1    0.000147
   1    3    1    0   -1    0.000147
   1    5    0   -2    1   -0.001735
   1    5    0    2    1   -0.001735
   1    6    1    1   -1   -0.002251
   1    6    1    0   -1   -0.002251
   1    7    0    0    1    0.002809
   1    7    0    1    1    0.002809
   2    6    0    0   -1    0.802672
   2    5    0   -1    0    0.320509
   2    5    0    0    0    0.320509
   2    8    1   -1    0    0.374646
   2    8    1    0    0    0.374646
   2    7    0    0   -1    0.167246
   2    4    1   -1   -1    0.082690
   2    4    1    0   -1    0.082690
   2    3    0    0    0   -0.033023
   2    3    1    0    0   -0.033023
   2    7    1    0   -1   -0.054895
   2    2    0   -1    0   -0.031710
   2    2    0    1    0   -0.031710
   2    4    0   -1   -1    0.007770
   2    4    0    0   -1    0.007770
   2    1    0   -1    0    0.004615
   2    1    0    0    0    0.004615
   2    1    0    0   -1    0.004615
   2    1    0   -1   -1    0.004615
   2    5    1   -1    0   -0.052052
   2    5    1    0    0   -0.052052
   2    6    0    1   -1   -0.004349
   2    6    0   -1   -1   -0.004349
   2    8    0   -1    0    0.012601
   2    8    0    0    0    0.012601
   2    7    0    1   -1    0.035820
   2    7    0   -1   -1    0.035820
   2    6    0    0    0    0.055092
   2    6   -1    0   -1    0.034915
   2    2   -1    0    0    0.002791
   2    2    1    0    0    0.002791
   2    3    1    0   -1   -0.010965
   2    3    0    0   -1   -0.010965
   2    3    0   -1    0   -0.008645
   2    3    0    1    0   -0.008645
   2    3    1   -1    0   -0.008645
   2    3    1    1    0   -0.008645
   2    7    1    1   -1   -0.043042
   2    7    1   -1   -1   -0.043042
   2    7    0    0    0   -0.012231
   2    1    1    0   -1   -0.002726
   2    1    1   -1   -1   -0.002726
   2    1    1   -1    0   -0.002725
   2    1    1    0    0   -0.002725
   2    5    0   -2    0   -0.000195
   2    5    0    1    0   -0.000195
   2    8    1   -2    0   -0.020946
   2    8    1    1    0   -0.020946
   2    4    1   -2   -1   -0.007837
   2    4    1    1   -1   -0.007837
   2    7    1    0    0    0.010381
   2    8    1    0   -1   -0.004860
   2    8    1   -1   -1   -0.004860
   2    6    0   -1    0   -0.012611
   2    6    0    1    0   -0.012611
   2    6    1    0   -1    0.020544
   2    6   -1    1   -1    0.006189
   2    6   -1   -1   -1    0.006189
   2    2   -1   -1    0   -0.002397
   2    2   -1    1    0   -0.002397
   2    2    1   -1    0   -0.002397
   2    2    1    1    0   -0.002397
   2    6   -1    0    0   -0.003734
   2    3    1    1   -1    0.002103
   2    3    1   -1   -1    0.002103
   2    3    0    1   -1    0.002103
   2    3    0   -1   -1    0.002103
   2    8    2   -1    0   -0.005270
   2    8    2    0    0   -0.005270
   2    5    0    0   -1    0.005341
   2    5    0   -1   -1    0.005341
   2    4    0   -2   -1    0.000543
   2    4    0    1   -1    0.000543
   2    7    0   -1    0   -0.003741
   2    7    0    1    0   -0.003741
   2    5   -1   -1    0   -0.005827
   2    5   -1    0    0   -0.005827
   2    1    0   -2    0   -0.001899
   2    1    0    1    0   -0.001899
   2    1    0    1   -1   -0.001899
   2    1    0   -2   -1   -0.001899
   2    4    1   -1    0    0.000254
   2    4    1    0    0    0.000254
   2    5    1   -2    0   -0.001461
   2    5    1    1    0   -0.001461
   2    1   -1   -1    0   -0.002399
   2    1   -1    0    0   -0.002399
   2    1   -1    0   -1   -0.002399
   2    1   -1   -1   -1   -0.002399
   2    4    2   -1   -1   -0.000850
   2    4    2    0   -1   -0.000850
   2    8    0   -2    0   -0.013059
   2    8    0    1    0   -0.013059
   2    7   -1    0   -1    0.000061
   2    8    0    0   -1    0.001231
   2    8    0   -1   -1    0.001231
   2    7    1   -1    0    0.008565
   2    7    1    1    0    0.008565
   2    2    0    0   -1    0.002285
   2    2    0    0    1    0.002285
   2    6    1    1   -1    0.003504
   2    6    1   -1   -1    0.003504
   2    5    1    0   -1   -0.002814
   2    5    1   -1   -1   -0.002814
   2    4    0   -1    0    0.004273
   2    4    0    0    0    0.004273
   2    6    1    0    0    0.009053
   2    6   -1   -1    0   -0.010280
   2    6   -1    1    0   -0.010280
   2    2    0   -2    0   -0.001710
   2    2    0    2    0   -0.001710
   2    3   -1    0    0   -0.001914
   2    3    2    0    0   -0.001914
   2    1    1    1   -1   -0.004248
   2    1    1   -2   -1   -0.004248
   2    1    1   -2    0   -0.004248
   2    1    1    1    0   -0.004248
   2    6    0    2   -1   -0.006133
   2    6    0   -2   -1   -0.006133
   2    7   -1    1   -1   -0.003043
   2    7   -1   -1   -1   -0.003043
   2    7    0    2   -1   -0.005104
   2    7    0   -2   -1   -0.005104
   2    8    1    1   -1   -0.003675
   2    8    1   -2   -1   -0.003675
   2    2    0   -1    1   -0.003004
   2    2    0    1   -1   -0.003004
   2    2    0   -1   -1   -0.003004
   2    2    0    1    1   -0.003004
   2    6    1   -1    0    0.000597
   2    6    1    1    0    0.000597
   2    7    2    0   -1    0.003969
   2    3    0   -2    0    0.002886
   2    3    0    2    0    0.002886
   2    3    1   -2    0    0.002886
   2    3    1    2    0    0.002886
   2    8    2   -2    0   -0.007457
   2    8    2    1    0   -0.007458
   2    5    0    1   -1   -0.001788
   2    5    0   -2   -1   -0.001788
   2    4   -1   -1   -1   -0.000986
   2    4   -1    0   -1   -0.000986
   2    7    1    2   -1   -0.000835
   2    7    1   -2   -1   -0.000835
   2    8    2    0   -1   -0.000187
   2    8    2   -1   -1   -0.000187
   2    7   -1    0    0   -0.003637
   2    4    1   -1   -2   -0.002409
   2    4    1    0   -2   -0.002409
   2    5   -1   -2    0    0.002810
   2    5   -1    1    0    0.002810
   2    4    1   -2    0   -0.002568
   2    4    1    1    0   -0.002568
   2    5    0   -1    1    0.000804
   2    5    0    0    1    0.000804
   2    3    2    0   -1   -0.000089
   2    3   -1    0   -1   -0.000089
   2    2   -1    0    1    0.001977
   2    2    1    0   -1    0.001977
   2    2   -1    0   -1    0.002096
   2    2    1    0    1    0.002096
   2    3   -1   -1    0    0.000124
   2    3   -1    1    0    0.000124
   2    3    2   -1    0    0.000124
   2    3    2    1    0    0.000124
   2    5    2   -1    0    0.001731
   2    5    2    0    0    0.001731
   2    1   -1   -2    0   -0.002555
   2    1   -1    1    0   -0.002555
   2    1   -1    1   -1   -0.002555
   2    1   -1   -2   -1   -0.002555
   2    4    2   -2   -1    0.000828
   2    4    2    1   -1    0.000828
   2    8    0    1   -1    0.004088
   2    8    0   -2   -1    0.004088
   2    4    0   -1   -2    0.000147
   2    4    0    0   -2    0.000147
   2    6    0   -2    0   -0.001735
   2    6    0    2    0   -0.001735
   2    5   -1    0   -1   -0.002251
   2    5   -1   -1   -1   -0.002251
   2    8    1   -1    1    0.002809
   2    8    1    0    1    0.002809
   3    7    0    0    0    0.802673
   3    8    0    0    0    0.320508
   3    8    0   -1    0    0.320508
   3    5    0    0    0    0.374650
   3    5    0   -1    0    0.374650
   3    6   -1    0    0    0.167248
   3    1    0   -1    0    0.082691
   3    1    0    0    0    0.082691
   3    2    0    0    0   -0.033023
   3    2   -1    0    0   -0.033023
   3    6    0    0    0   -0.054894
   3    3    0   -1    0   -0.031711
   3    3    0    1    0   -0.031711
   3    1   -1   -1    0    0.007770
   3    1   -1    0    0    0.007770
   3    4    0   -1    0    0.004615
   3    4    0   -1   -1    0.004615
   3    4    0    0    0    0.004615
   3    4    0    0   -1    0.004615
   3    8    1    0    0   -0.052051
   3    8    1   -1    0   -0.052051
   3    7    0   -1    0   -0.004348
   3    7    0    1    0   -0.004348
   3    5   -1    0    0    0.012602
   3    5   -1   -1    0    0.012602
   3    6   -1   -1    0    0.035820
   3    6   -1    1    0    0.035820
   3    7    0    0   -1    0.055092
   3    7   -1    0    0    0.034914
   3    3   -1    0    0    0.002791
   3    3    1    0    0    0.002791
   3    2   -1    0    1   -0.010965
   3    2    0    0    1   -0.010965
   3    2    0    1    0   -0.008645
   3    2    0   -1    0   -0.008645
   3    2   -1    1    0   -0.008645
   3    2   -1   -1    0   -0.008645
   3    6    0   -1    0   -0.043042
   3    6    0    1    0   -0.043042
   3    6   -1    0   -1   -0.012231
   3    4    1   -1   -1   -0.002726
   3    4    1   -1    0   -0.002725
   3    4    1    0   -1   -0.002726
   3    4    1    0    0   -0.002725
   3    8    0    1    0   -0.000195
   3    8    0   -2    0   -0.000195
   3    5    0    1    0   -0.020946
   3    5    0   -2    0   -0.020946
   3    1    0   -2    0   -0.007837
   3    1    0    1    0   -0.007837
   3    6    0    0   -1    0.010381
   3    5    0   -1    1   -0.004860
   3    5    0    0    1   -0.004860
   3    7    0    1   -1   -0.012611
   3    7    0   -1   -1   -0.012611
   3    7    1    0    0    0.020543
   3    7   -1   -1    0    0.006189
   3    7   -1    1    0    0.006189
   3    3   -1   -1    0   -0.002397
   3    3   -1    1    0   -0.002397
   3    3    1   -1    0   -0.002397
   3    3    1    1    0   -0.002397
   3    7   -1    0   -1   -0.003734
   3    2   -1   -1    1    0.002103
   3    2   -1    1    1    0.002103
   3    2    0   -1    1    0.002103
   3    2    0    1    1    0.002103
   3    5    1    0    0   -0.005270
   3    5    1   -1    0   -0.005270
   3    8    0   -1    1    0.005342
   3    8    0    0    1    0.005342
   3    1   -1   -2    0    0.000543
   3    1   -1    1    0    0.000543
   3    6   -1    1   -1   -0.003741
   3    6   -1   -1   -1   -0.003741
   3    8   -1    0    0   -0.005827
   3    8   -1   -1    0   -0.005827
   3    4    0   -2    0   -0.001899
   3    4    0   -2   -1   -0.001899
   3    4    0    1    0   -0.001899
   3    4    0    1   -1   -0.001899
   3    1    0    0   -1    0.000253
   3    1    0   -1   -1    0.000253
   3    8    1    1    0   -0.001461
   3    8    1   -2    0   -0.001461
   3    4   -1   -1    0   -0.002399
   3    4   -1   -1   -1   -0.002399
   3    4   -1    0    0   -0.002399
   3    4   -1    0   -1   -0.002399
   3    1    1   -1    0   -0.000850
   3    1    1    0    0   -0.000850
   3    5   -1    1    0   -0.013059
   3    5   -1   -2    0   -0.013059
   3    6   -2    0    0    0.000061
   3    5   -1   -1    1    0.001231
   3    5   -1    0    1    0.001231
   3    6    0    1   -1    0.008565
   3    6    0   -1   -1    0.008565
   3    3    0    0   -1    0.002285
   3    3    0    0    1    0.002285
   3    7    1   -1    0    0.003504
   3    7    1    1    0    0.003504
   3    8    1   -1    1   -0.002814
   3    8    1    0    1   -0.002814
   3    1   -1    0   -1    0.004273
   3    1   -1   -1   -1    0.004273
   3    7    1    0   -1    0.009053
   3    7   -1    1   -1   -0.010279
   3    7   -1   -1   -1   -0.010279
   3    3    0   -2    0   -0.001710
   3    3    0    2    0   -0.001710
   3    2    1    0    0   -0.001914
   3    2   -2    0    0   -0.001914
   3    4    1   -2   -1   -0.004248
   3    4    1   -2    0   -0.004248
   3    4    1    1   -1   -0.004248
   3    4    1    1    0   -0.004248
   3    7    0   -2    0   -0.006133
   3    7    0    2    0   -0.006133
   3    6   -2   -1    0   -0.003043
   3    6   -2    1    0   -0.003043
   3    6   -1   -2    0   -0.005104
   3    6   -1    2    0   -0.005104
   3    5    0   -2    1   -0.003675
   3    5    0    1    1   -0.003675
   3    3    0   -1    1   -0.003004
   3    3    0    1   -1   -0.003004
   3    3    0   -1   -1   -0.003004
   3    3    0    1    1   -0.003004
   3    7    1    1   -1    0.000597
   3    7    1   -1   -1    0.000597
   3    6    1    0    0    0.003969
   3    2    0    2    0    0.002886
   3    2    0   -2    0    0.002886
   3    2   -1    2    0    0.002886
   3    2   -1   -2    0    0.002886
   3    5    1    1    0   -0.007457
   3    5    1   -2    0   -0.007457
   3    8    0   -2    1   -0.001788
   3    8    0    1    1   -0.001788
   3    1   -2   -1    0   -0.000986
   3    1   -2    0    0   -0.000986
   3    6    0   -2    0   -0.000835
   3    6    0    2    0   -0.000835
   3    5    1   -1    1   -0.000187
   3    5    1    0    1   -0.000187
   3    6   -2    0   -1   -0.003637
   3    1    0   -1    1   -0.002409
   3    1    0    0    1   -0.002409
   3    8   -1    1    0    0.002810
   3    8   -1   -2    0    0.002810
   3    1    0    1   -1   -0.002568
   3    1    0   -2   -1   -0.002568
   3    8    0    0   -1    0.000804
   3    8    0   -1   -1    0.000804
   3    2   -2    0    1   -0.000089
   3    2    1    0    1   -0.000089
   3    3   -1    0    1    0.002096
   3    3    1    0   -1    0.002096
   3    3   -1    0   -1    0.001977
   3    3    1    0    1    0.001977
   3    2    1    1    0    0.000124
   3    2    1   -1    0    0.000124
   3    2   -2    1    0    0.000124
   3    2   -2   -1    0    0.000124
   3    8    2    0    0    0.001731
   3    8    2   -1    0    0.001731
   3    4   -1   -2    0   -0.002555
   3    4   -1   -2   -1   -0.002555
   3    4   -1    1    0   -0.002555
   3    4   -1    1   -1   -0.002555
   3    1    1   -2    0    0.000828
   3    1    1    1    0    0.000828
   3    5   -1   -2    1    0.004088
   3    5   -1    1    1    0.004088
   3    1   -1   -1    1    0.000147
   3    1   -1    0    1    0.000147
   3    7    0    2   -1   -0.001735
   3    7    0   -2   -1   -0.001735
   3    8   -1   -1    1   -0.002251
   3    8   -1    0    1   -0.002251
   3    5    0    0   -1    0.002809
   3    5    0   -1   -1    0.002809
   4    8    0    0    1    0.802672
   4    7    0    1    0    0.320509
   4    7    0    0    0    0.320509
   4    6   -1    1    0    0.374646
   4    6   -1    0    0    0.374646
   4    5    0    0    1    0.167246
   4    2   -1    1    1    0.082690
   4    2   -1    0    1    0.082690
   4    1    0    0    0   -0.033023
   4    1   -1    0    0   -0.033023
   4    5   -1    0    1   -0.054895
   4    4    0   -1    0   -0.031710
   4    4    0    1    0   -0.031710
   4    2    0    1    1    0.007770
   4    2    0    0    1    0.007770
   4    3    0    1    0    0.004615
   4    3    0    1    1    0.004615
   4    3    0    0    0    0.004615
   4    3    0    0    1    0.004615
   4    7   -1    1    0   -0.052052
   4    7   -1    0    0   -0.052052
   4    8    0    1    1   -0.004349
   4    8    0   -1    1   -0.004349
   4    6    0    1    0    0.012601
   4    6    0    0    0    0.012601
   4    5    0    1    1    0.035820
   4    5    0   -1    1    0.035820
   4    8    0    0    0    0.055092
   4    8    1    0    1    0.034915
   4    4   -1    0    0    0.002791
   4    4    1    0    0    0.002791
   4    1   -1    0    1   -0.010965
   4    1    0    0    1   -0.010965
   4    1    0    1    0   -0.008645
   4    1   -1    1    0   -0.008645
   4    1    0   -1    0   -0.008645
   4    1   -1   -1    0   -0.008645
   4    5   -1    1    1   -0.043042
   4    5   -1   -1    1   -0.043042
   4    5    0    0    0   -0.012231
   4    3   -1    1    1   -0.002726
   4    3   -1    1    0   -0.002725
   4    3   -1    0    1   -0.002726
   4    3   -1    0    0   -0.002725
   4    7    0    2    0   -0.000195
   4    7    0   -1    0   -0.000195
   4    6   -1    2    0   -0.020946
   4    6   -1   -1    0   -0.020946
   4    2   -1    2    1   -0.007837
   4    2   -1   -1    1   -0.007837
   4    5   -1    0    0    0.010381
   4    6   -1    1    1   -0.004860
   4    6   -1    0    1   -0.004860
   4    8    0    1    0   -0.012611
   4    8    0   -1    0   -0.012611
   4    8   -1    0    1    0.020544
   4    8    1    1    1    0.006189
   4    8    1   -1    1    0.006189
   4    4   -1   -1    0   -0.002397
   4    4    1   -1    0   -0.002397
   4    4   -1    1    0   -0.002397
   4    4    1    1    0   -0.002397
   4    8    1    0    0   -0.003734
   4    1   -1    1    1    0.002103
   4    1    0    1    1    0.002103
   4    1   -1   -1    1    0.002103
   4    1    0   -1    1    0.002103
   4    6   -2    1    0   -0.005270
   4    6   -2    0    0   -0.005270
   4    7    0    1    1    0.005341
   4    7    0    0    1    0.005341
   4    2    0    2    1    0.000543
   4    2    0   -1    1    0.000543
   4    5    0    1    0   -0.003741
   4    5    0   -1    0   -0.003741
   4    7    1    1    0   -0.005827
   4    7    1    0    0   -0.005827
   4    3    0    2    0   -0.001899
   4    3    0    2    1   -0.001899
   4    3    0   -1    0   -0.001899
   4    3    0   -1    1   -0.001899
   4    2   -1    1    0    0.000254
   4    2   -1    0    0    0.000254
   4    7   -1    2    0   -0.001461
   4    7   -1   -1    0   -0.001461
   4    3    1    1    0   -0.002399
   4    3    1    1    1   -0.002399
   4    3    1    0    0   -0.002399
   4    3    1    0    1   -0.002399
   4    2   -2    1    1   -0.000850
   4    2   -2    0    1   -0.000850
   4    6    0    2    0   -0.013059
   4    6    0   -1    0   -0.013059
   4    5    1    0    1    0.000061
   4    6    0    1    1    0.001231
   4    6    0    0    1    0.001231
   4    5   -1    1    0    0.008565
   4    5   -1   -1    0    0.008565
   4    4    0    0    1    0.002285
   4    4    0    0   -1    0.002285
   4    8   -1    1    1    0.003504
   4    8   -1   -1    1    0.003504
   4    7   -1    1    1   -0.002814
   4    7   -1    0    1   -0.002814
   4    2    0    1    0    0.004273
   4    2    0    0    0    0.004273
   4    8   -1    0    0    0.009053
   4    8    1    1    0   -0.010280
   4    8    1   -1    0   -0.010280
   4    4    0   -2    0   -0.001710
   4    4    0    2    0   -0.001710
   4    1    1    0    0   -0.001914
   4    1   -2    0    0   -0.001914
   4    3   -1    2    1   -0.004248
   4    3   -1    2    0   -0.004248
   4    3   -1   -1    1   -0.004248
   4    3   -1   -1    0   -0.004248
   4    8    0    2    1   -0.006133
   4    8    0   -2    1   -0.006133
   4    5    1    1    1   -0.003043
   4    5    1   -1    1   -0.003043
   4    5    0    2    1   -0.005104
   4    5    0   -2    1   -0.005104
   4    6   -1    2    1   -0.003675
   4    6   -1   -1    1   -0.003675
   4    4    0   -1    1   -0.003004
   4    4    0    1   -1   -0.003004
   4    4    0   -1   -1   -0.003004
   4    4    0    1    1   -0.003004
   4    8   -1    1    0    0.000597
   4    8   -1   -1    0    0.000597
   4    5   -2    0    1    0.003969
   4    1    0    2    0    0.002886
   4    1   -1    2    0    0.002886
   4    1    0   -2    0    0.002886
   4    1   -1   -2    0    0.002886
   4    6   -2    2    0   -0.007458
   4    6   -2   -1    0   -0.007458
   4    7    0    2    1   -0.001788
   4    7    0   -1    1   -0.001788
   4    2    1    1    1   -0.000986
   4    2    1    0    1   -0.000986
   4    5   -1    2    1   -0.000835
   4    5   -1   -2    1   -0.000835
   4    6   -2    1    1   -0.000187
   4    6   -2    0    1   -0.000187
   4    5    1    0    0   -0.003637
   4    2   -1    1    2   -0.002409
   4    2   -1    0    2   -0.002409
   4    7    1    2    0    0.002810
   4    7    1   -1    0    0.002810
   4    2   -1    2    0   -0.002568
   4    2   -1   -1    0   -0.002568
   4    7    0    1   -1    0.000804
   4    7    0    0   -1    0.000804
   4    1   -2    0    1   -0.000089
   4    1    1    0    1   -0.000089
   4    4   -1    0    1    0.001977
   4    4    1    0   -1    0.001977
   4    4   -1    0   -1    0.002096
   4    4    1    0    1    0.002096
   4    1    1    1    0    0.000124
   4    1   -2    1    0    0.000124
   4    1    1   -1    0    0.000124
   4    1   -2   -1    0    0.000124
   4    7   -2    1    0    0.001731
   4    7   -2    0    0    0.001731
   4    3    1    2    0   -0.002555
   4    3    1    2    1   -0.002555
   4    3    1   -1    0   -0.002555
   4    3    1   -1    1   -0.002555
   4    2   -2    2    1    0.000828
   4    2   -2   -1    1    0.000828
   4    6    0    2    1    0.004088
   4    6    0   -1    1    0.004088
   4    2    0    1    2    0.000147
   4    2    0    0    2    0.000147
   4    8    0    2    0   -0.001735
   4    8    0   -2    0   -0.001735
   4    7    1    1    1   -0.002251
   4    7    1    0    1   -0.002251
   4    6   -1    1   -1    0.002809
   4    6   -1    0   -1    0.002809
   5    8    0    0    0    1.732932
   5    8    1    0    0    1.732995
   5    1    0    0    0    0.802673
   5    2    0    1    0    0.320509
   5    2    0    0    0    0.320509
   5    3    0    0    0    0.374650
   5    3    0    1    0    0.374650
   5    4    0    0   -1    0.167246
   5    7    0    1   -1   -0.101476
   5    7    0    0   -1   -0.101476
   5    4    1    0   -1   -0.054895
   5    5    0   -1    0   -0.324732
   5    5    0    1    0   -0.324732
   5    2   -1    1    0   -0.052052
   5    2   -1    0    0   -0.052052
   5    7    0    0    0    0.391301
   5    7    0    1    0    0.391301
   5    8    0   -1    0    0.062595
   5    8    0    1    0    0.062595
   5    8    1   -1    0    0.062596
   5    8    1    1    0    0.062596
   5    1    0   -1    0   -0.004348
   5    1    0    1    0   -0.004348
   5    6    0    1   -1    0.192999
   5    6    0    0   -1    0.192999
   5    6    0    0    0    0.192999
   5    6    0    1    0    0.192999
   5    3    1    0    0    0.012602
   5    3    1    1    0    0.012602
   5    4    0   -1   -1    0.035820
   5    4    0    1   -1    0.035820
   5    1    0    0   -1    0.055092
   5    1   -1    0    0    0.034914
   5    5   -1    0    0   -0.297273
   5    5    1    0    0   -0.297273
   5    6   -1    0    0    0.009732
   5    6   -1    1    0    0.009732
   5    6   -1    1   -1    0.009735
   5    6   -1    0   -1    0.009735
   5    4    1   -1   -1   -0.043042
   5    4    1    1   -1   -0.043042
   5    4    0    0    0   -0.012231
   5    7    1    1   -1    0.071031
   5    7    1    0   -1    0.071031
   5    2    0    2    0   -0.000195
   5    2    0   -1    0   -0.000195
   5    3    0   -1    0   -0.020946
   5    3    0    2    0   -0.020946
   5    4    1    0    0    0.010381
   5    3    0    1   -1   -0.004860
   5    3    0    0   -1   -0.004860
   5    1    0    1   -1   -0.012611
   5    1    0   -1   -1   -0.012611
   5    1    1    0    0    0.020543
   5    1   -1   -1    0    0.006189
   5    1   -1    1    0    0.006189
   5    5   -1   -1    0   -0.047866
   5    5   -1    1    0   -0.047866
   5    5    1   -1    0   -0.047866
   5    5    1    1    0   -0.047866
   5    7    1    0    0    0.065470
   5    7    1    1    0    0.065471
   5    1   -1    0   -1   -0.003734
   5    3   -1    0    0   -0.005270
   5    3   -1    1    0   -0.005270
   5    7   -1    1   -1   -0.009428
   5    7   -1    0   -1   -0.009428
   5    2    0    0    1    0.005341
   5    2    0    1    1    0.005341
   5    7    0    2   -1    0.020829
   5    7    0   -1   -1    0.020829
   5    4    0   -1    0   -0.003741
   5    4    0    1    0   -0.003741
   5    2    1    1    0   -0.005827
   5    2    1    0    0   -0.005827
   5    2   -1    2    0   -0.001461
   5    2   -1   -1    0   -0.001461
   5    7   -1    0    0    0.029958
   5    7   -1    1    0    0.029958
   5    7    0   -1    0   -0.023395
   5    7    0    2    0   -0.023395
   5    6    0    2   -1   -0.010508
   5    6    0   -1   -1   -0.010508
   5    6    0   -1    0   -0.010508
   5    6    0    2    0   -0.010508
   5    3    1   -1    0   -0.013059
   5    3    1    2    0   -0.013059
   5    4   -1    0   -1    0.000061
   5    3    1    1   -1    0.001231
   5    3    1    0   -1    0.001231
   5    4    1   -1    0    0.008565
   5    4    1    1    0    0.008565
   5    5    0    0    1    0.029686
   5    5    0    0   -1    0.029686
   5    8    1    0   -1    0.014868
   5    8    0    0   -1    0.014868
   5    1    1   -1    0    0.003504
   5    1    1    1    0    0.003504
   5    2   -1    0    1   -0.002814
   5    2   -1    1    1   -0.002814
   5    6   -1   -1    0    0.023440
   5    6   -1    2    0    0.023440
   5    6   -1    2   -1    0.023440
   5    6   -1   -1   -1    0.023440
   5    1    1    0   -1    0.009053
   5    1   -1    1   -1   -0.010279
   5    1   -1   -1   -1   -0.010279
   5    8   -1    0    0   -0.012519
   5    8    2    0    0   -0.012523
   5    5    0    2    0   -0.073980
   5    5    0   -2    0   -0.073980
   5    7    1    2   -1   -0.078053
   5    7    1   -1   -1   -0.078053
   5    8    0   -2    0    0.008889
   5    8    0    2    0    0.008889
   5    8    1   -2    0    0.008889
   5    8    1    2    0    0.008889
   5    1    0   -2    0   -0.006133
   5    1    0    2    0   -0.006133
   5    8    0    0    1   -0.012625
   5    8    1    0    1   -0.012623
   5    4   -1   -1   -1   -0.003043
   5    4   -1    1   -1   -0.003043
   5    4    0   -2   -1   -0.005104
   5    4    0    2   -1   -0.005104
   5    3    0    2   -1   -0.003675
   5    3    0   -1   -1   -0.003675
   5    5    0   -1    1   -0.011198
   5    5    0    1   -1   -0.011198
   5    5    0   -1   -1   -0.011198
   5    5    0    1    1   -0.011198
   5    6    1    1   -1    0.002603
   5    6    1    0   -1    0.002603
   5    6    1    0    0    0.002603
   5    6    1    1    0    0.002603
   5    8    1    1   -1   -0.000424
   5    8    1   -1   -1   -0.000424
   5    8    0    1   -1   -0.000424
   5    8    0   -1   -1   -0.000424
   5    1    1    1   -1    0.000597
   5    1    1   -1   -1    0.000597
   5    7    1   -1    0    0.002297
   5    7    1    2    0    0.002297
   5    8   -1   -1    0   -0.026417
   5    8   -1    1    0   -0.026417
   5    8    2   -1    0   -0.026417
   5    8    2    1    0   -0.026417
   5    4    2    0   -1    0.003969
   5    3   -1   -1    0   -0.007457
   5    3   -1    2    0   -0.007457
   5    7   -1    2   -1   -0.018697
   5    7   -1   -1   -1   -0.018697
   5    2    0   -1    1   -0.001788
   5    2    0    2    1   -0.001788
   5    4    1   -2   -1   -0.000835
   5    4    1    2   -1   -0.000835
   5    3   -1    1   -1   -0.000187
   5    3   -1    0   -1   -0.000187
   5    4   -1    0    0   -0.003637
   5    2    1    2    0    0.002810
   5    2    1   -1    0    0.002810
   5    2    0    1   -1    0.000804
   5    2    0    0   -1    0.000804
   5    5   -1    0    1    0.018288
   5    5    1    0   -1    0.018288
   5    5    1    0    1    0.006778
   5    5   -1    0   -1    0.006778
   5    7   -1   -1    0   -0.000823
   5    7   -1    2    0   -0.000823
   5    2   -2    1    0    0.001731
   5    2   -2    0    0    0.001731
   5    6   -2    0    0   -0.003991
   5    6   -2    1    0   -0.003991
   5    6   -2    1   -1   -0.003991
   5    6   -2    0   -1   -0.003991
   5    8    0   -1    1    0.015725
   5    8    0    1    1    0.015725
   5    8    1   -1    1    0.015725
   5    8    1    1    1    0.015725
   5    3    1    2   -1    0.004088
   5    3    1   -1   -1    0.004088
   5    1    0    2   -1   -0.001735
   5    1    0   -2   -1   -0.001735
   5    2    1    0    1   -0.002251
   5    2    1    1    1   -0.002251
   5    3    0    0    1    0.002809
   5    3    0    1    1    0.002809
   6    7    0    0    0    1.732932
   6    7    1    0    0    1.732995
   6    2    0    0    1    0.802672
   6    1    0    0    0    0.320508
   6    1    0   -1    0    0.320508
   6    4    1   -1    0    0.374646
   6    4    1    0    0    0.374646
   6    3    1    0    0    0.167248
   6    8    1    0    0   -0.101474
   6    8    1   -1    0   -0.101474
   6    3    0    0    0   -0.054894
   6    6    0   -1    0   -0.324732
   6    6    0    1    0   -0.324732
   6    1    1    0    0   -0.052051
   6    1    1   -1    0   -0.052051
   6    8    1   -1    1    0.391301
   6    8    1    0    1    0.391301
   6    7    0   -1    0    0.062595
   6    7    0    1    0    0.062595
   6    7    1   -1    0    0.062596
   6    7    1    1    0    0.062596
   6    2    0   -1    1   -0.004349
   6    2    0    1    1   -0.004349
   6    5    0   -1    1    0.192999
   6    5    0    0    1    0.192999
   6    5    0    0    0    0.192999
   6    5    0   -1    0    0.192999
   6    4    0   -1    0    0.012601
   6    4    0    0    0    0.012601
   6    3    1    1    0    0.035820
   6    3    1   -1    0    0.035820
   6    2    0    0    0    0.055092
   6    2    1    0    1    0.034915
   6    6    1    0    0   -0.297269
   6    6   -1    0    0   -0.297269
   6    5    1    0    0    0.009732
   6    5    1   -1    0    0.009732
   6    5    1   -1    1    0.009735
   6    5    1    0    1    0.009735
   6    3    0    1    0   -0.043042
   6    3    0   -1    0   -0.043042
   6    3    1    0    1   -0.012231
   6    8    0    0    0    0.071031
   6    8    0   -1    0    0.071031
   6    1    0    1    0   -0.000195
   6    1    0   -2    0   -0.000195
   6    4    1   -2    0   -0.020946
   6    4    1    1    0   -0.020946
   6    3    0    0    1    0.010381
   6    4    1   -1   -1   -0.004860
   6    4    1    0   -1   -0.004860
   6    2    0    1    0   -0.012611
   6    2    0   -1    0   -0.012611
   6    2   -1    0    1    0.020544
   6    2    1   -1    1    0.006189
   6    2    1    1    1    0.006189
   6    6    1   -1    0   -0.047866
   6    6    1    1    0   -0.047866
   6    6   -1   -1    0   -0.047866
   6    6   -1    1    0   -0.047866
   6    8    0   -1    1    0.065470
   6    8    0    0    1    0.065470
   6    2    1    0    0   -0.003734
   6    4    2   -1    0   -0.005270
   6    4    2    0    0   -0.005270
   6    8    2    0    0   -0.009428
   6    8    2   -1    0   -0.009428
   6    1    0   -1    1    0.005342
   6    1    0    0    1    0.005342
   6    8    1    1    0    0.020829
   6    8    1   -2    0    0.020829
   6    3    1   -1    1   -0.003741
   6    3    1    1    1   -0.003741
   6    1   -1    0    0   -0.005827
   6    1   -1   -1    0   -0.005827
   6    1    1    1    0   -0.001461
   6    1    1   -2    0   -0.001461
   6    8    2   -1    1    0.029958
   6    8    2    0    1    0.029958
   6    8    1   -2    1   -0.023394
   6    8    1    1    1   -0.023394
   6    5    0   -2    1   -0.010508
   6    5    0    1    1   -0.010508
   6    5    0    1    0   -0.010508
   6    5    0   -2    0   -0.010508
   6    4    0   -2    0   -0.013059
   6    4    0    1    0   -0.013059
   6    3    2    0    0    0.000061
   6    4    0   -1   -1    0.001231
   6    4    0    0   -1    0.001231
   6    3    0   -1    1    0.008565
   6    3    0    1    1    0.008565
   6    6    0    0   -1    0.029686
   6    6    0    0    1    0.029686
   6    7    1    0   -1    0.014868
   6    7    0    0   -1    0.014868
   6    2   -1   -1    1    0.003504
   6    2   -1    1    1    0.003504
   6    1    1   -1    1   -0.002814
   6    1    1    0    1   -0.002814
   6    5    1    1    0    0.023440
   6    5    1   -2    0    0.023440
   6    5    1   -2    1    0.023440
   6    5    1    1    1    0.023440
   6    2   -1    0    0    0.009053
   6    2    1    1    0   -0.010280
   6    2    1   -1    0   -0.010280
   6    7   -1    0    0   -0.012519
   6    7    2    0    0   -0.012523
   6    6    0   -2    0   -0.073982
   6    6    0    2    0   -0.073982
   6    8    0    1    0   -0.078053
   6    8    0   -2    0   -0.078053
   6    7    0   -2    0    0.008889
   6    7    0    2    0    0.008889
   6    7    1   -2    0    0.008889
   6    7    1    2    0    0.008889
   6    2    0   -2    1   -0.006133
   6    2    0    2    1   -0.006133
   6    7    0    0    1   -0.012625
   6    7    1    0    1   -0.012623
   6    3    2    1    0   -0.003043
   6    3    2   -1    0   -0.003043
   6    3    1    2    0   -0.005104
   6    3    1   -2    0   -0.005104
   6    4    1   -2   -1   -0.003675
   6    4    1    1   -1   -0.003675
   6    6    0   -1    1   -0.011198
   6    6    0    1   -1   -0.011198
   6    6    0    1    1   -0.011198
   6    6    0   -1   -1   -0.011198
   6    5   -1   -1    1    0.002603
   6    5   -1    0    1    0.002603
   6    5   -1    0    0    0.002603
   6    5   -1   -1    0    0.002603
   6    7    1    1   -1   -0.000424
   6    7    1   -1   -1   -0.000424
   6    7    0    1   -1   -0.000424
   6    7    0   -1   -1   -0.000424
   6    2   -1    1    0    0.000597
   6    2   -1   -1    0    0.000597
   6    8    0   -2    1    0.002298
   6    8    0    1    1    0.002298
   6    7   -1   -1    0   -0.026417
   6    7   -1    1    0   -0.026417
   6    7    2   -1    0   -0.026417
   6    7    2    1    0   -0.026417
   6    3   -1    0    0    0.003969
   6    4    2   -2    0   -0.007458
   6    4    2    1    0   -0.007458
   6    8    2    1    0   -0.018697
   6    8    2   -2    0   -0.018697
   6    1    0   -2    1   -0.001788
   6    1    0    1    1   -0.001788
   6    3    0    2    0   -0.000835
   6    3    0   -2    0   -0.000835
   6    4    2   -1   -1   -0.000187
   6    4    2    0   -1   -0.000187
   6    3    2    0    1   -0.003637
   6    1   -1    1    0    0.002810
   6    1   -1   -2    0    0.002810
   6    1    0    0   -1    0.000804
   6    1    0   -1   -1    0.000804
   6    6   -1    0    1    0.006778
   6    6    1    0   -1    0.006778
   6    6    1    0    1    0.018288
   6    6   -1    0   -1    0.018288
   6    8    2   -2    1   -0.000824
   6    8    2    1    1   -0.000824
   6    1    2    0    0    0.001731
   6    1    2   -1    0    0.001731
   6    5    2    0    0   -0.003991
   6    5    2   -1    0   -0.003991
   6    5    2   -1    1   -0.003991
   6    5    2    0    1   -0.003991
   6    7    0   -1    1    0.015725
   6    7    0    1    1    0.015725
   6    7    1   -1    1    0.015725
   6    7    1    1    1    0.015725
   6    4    0   -2   -1    0.004088
   6    4    0    1   -1    0.004088
   6    2    0    2    0   -0.001735
   6    2    0   -2    0   -0.001735
   6    1   -1   -1    1   -0.002251
   6    1   -1    0    1   -0.002251
   6    4    1   -1    1    0.002809
   6    4    1    0    1    0.002809
   7    6    0    0    0    1.732932
   7    6   -1    0    0    1.732995
   7    3    0    0    0    0.802673
   7    4    0   -1    0    0.320509
   7    4    0    0    0    0.320509
   7    1    0    0    0    0.374650
   7    1    0   -1    0    0.374650
   7    2    0    0    1    0.167246
   7    5    0   -1    1   -0.101476
   7    5    0    0    1   -0.101476
   7    2   -1    0    1   -0.054895
   7    7    0   -1    0   -0.324733
   7    7    0    1    0   -0.324733
   7    4    1   -1    0   -0.052052
   7    4    1    0    0   -0.052052
   7    5    0    0    0    0.391301
   7    5    0   -1    0    0.391301
   7    6    0    1    0    0.062595
   7    6    0   -1    0    0.062595
   7    6   -1    1    0    0.062596
   7    6   -1   -1    0    0.062596
   7    3    0    1    0   -0.004348
   7    3    0   -1    0   -0.004348
   7    8    0   -1    1    0.192999
   7    8    0    0    1    0.192999
   7    8    0    0    0    0.192999
   7    8    0   -1    0    0.192999
   7    1   -1    0    0    0.012602
   7    1   -1   -1    0    0.012602
   7    2    0   -1    1    0.035820
   7    2    0    1    1    0.035820
   7    3    0    0    1    0.055092
   7    3    1    0    0    0.034914
   7    7   -1    0    0   -0.297273
   7    7    1    0    0   -0.297273
   7    8    1    0    0    0.009732
   7    8    1   -1    0    0.009732
   7    8    1   -1    1    0.009735
   7    8    1    0    1    0.009735
   7    2   -1   -1    1   -0.043042
   7    2   -1    1    1   -0.043042
   7    2    0    0    0   -0.012231
   7    5   -1   -1    1    0.071031
   7    5   -1    0    1    0.071031
   7    4    0   -2    0   -0.000195
   7    4    0    1    0   -0.000195
   7    1    0    1    0   -0.020946
   7    1    0   -2    0   -0.020946
   7    2   -1    0    0    0.010381
   7    1    0   -1    1   -0.004860
   7    1    0    0    1   -0.004860
   7    3    0   -1    1   -0.012611
   7    3    0    1    1   -0.012611
   7    3   -1    0    0    0.020543
   7    3    1    1    0    0.006189
   7    3    1   -1    0    0.006189
   7    7   -1   -1    0   -0.047866
   7    7   -1    1    0   -0.047866
   7    7    1   -1    0   -0.047866
   7    7    1    1    0   -0.047866
   7    5   -1    0    0    0.065470
   7    5   -1   -1    0    0.065471
   7    3    1    0    1   -0.003734
   7    1    1    0    0   -0.005270
   7    1    1   -1    0   -0.005270
   7    5    1   -1    1   -0.009428
   7    5    1    0    1   -0.009428
   7    4    0   -1   -1    0.005341
   7    4    0    0   -1    0.005341
   7    5    0   -2    1    0.020829
   7    5    0    1    1    0.020829
   7    2    0    1    0   -0.003741
   7    2    0   -1    0   -0.003741
   7    4   -1   -1    0   -0.005827
   7    4   -1    0    0   -0.005827
   7    4    1   -2    0   -0.001461
   7    4    1    1    0   -0.001461
   7    5    1    0    0    0.029958
   7    5    1   -1    0    0.029958
   7    5    0    1    0   -0.023395
   7    5    0   -2    0   -0.023395
   7    8    0   -2    1   -0.010508
   7    8    0    1    1   -0.010508
   7    8    0    1    0   -0.010508
   7    8    0   -2    0   -0.010508
   7    1   -1    1    0   -0.013059
   7    1   -1   -2    0   -0.013059
   7    2    1    0    1    0.000061
   7    1   -1   -1    1    0.001231
   7    1   -1    0    1    0.001231
   7    2   -1    1    0    0.008565
   7    2   -1   -1    0    0.008565
   7    7    0    0   -1    0.029686
   7    7    0    0    1    0.029686
   7    6   -1    0    1    0.014868
   7    6    0    0    1    0.014868
   7    3   -1    1    0    0.003504
   7    3   -1   -1    0    0.003504
   7    4    1   -1   -1   -0.002814
   7    4    1    0   -1   -0.002814
   7    8    1    1    0    0.023440
   7    8    1   -2    0    0.023440
   7    8    1   -2    1    0.023440
   7    8    1    1    1    0.023440
   7    3   -1    0    1    0.009053
   7    3    1   -1    1   -0.010279
   7    3    1    1    1   -0.010279
   7    6    1    0    0   -0.012519
   7    6   -2    0    0   -0.012523
   7    7    0   -2    0   -0.073980
   7    7    0    2    0   -0.073980
   7    5   -1   -2    1   -0.078053
   7    5   -1    1    1   -0.078053
   7    6    0    2    0    0.008889
   7    6    0   -2    0    0.008889
   7    6   -1    2    0    0.008889
   7    6   -1   -2    0    0.008889
   7    3    0    2    0   -0.006133
   7    3    0   -2    0   -0.006133
   7    6    0    0   -1   -0.012625
   7    6   -1    0   -1   -0.012623
   7    2    1   -1    1   -0.003043
   7    2    1    1    1   -0.003043
   7    2    0   -2    1   -0.005104
   7    2    0    2    1   -0.005104
   7    1    0   -2    1   -0.003675
   7    1    0    1    1   -0.003675
   7    7    0   -1    1   -0.011198
   7    7    0    1   -1   -0.011198
   7    7    0   -1   -1   -0.011198
   7    7    0    1    1   -0.011198
   7    8   -1   -1    1    0.002603
   7    8   -1    0    1    0.002603
   7    8   -1    0    0    0.002603
   7    8   -1   -1    0    0.002603
   7    6   -1   -1    1   -0.000424
   7    6   -1    1    1   -0.000424
   7    6    0   -1    1   -0.000424
   7    6    0    1    1   -0.000424
   7    3   -1   -1    1    0.000597
   7    3   -1    1    1    0.000597
   7    5   -1    1    0    0.002297
   7    5   -1   -2    0    0.002297
   7    6    1    1    0   -0.026417
   7    6    1   -1    0   -0.026417
   7    6   -2    1    0   -0.026417
   7    6   -2   -1    0   -0.026417
   7    2   -2    0    1    0.003969
   7    1    1    1    0   -0.007457
   7    1    1   -2    0   -0.007457
   7    5    1   -2    1   -0.018697
   7    5    1    1    1   -0.018697
   7    4    0   -2   -1   -0.001788
   7    4    0    1   -1   -0.001788
   7    2   -1   -2    1   -0.000835
   7    2   -1    2    1   -0.000835
   7    1    1   -1    1   -0.000187
   7    1    1    0    1   -0.000187
   7    2    1    0    0   -0.003637
   7    4   -1   -2    0    0.002810
   7    4   -1    1    0    0.002810
   7    4    0   -1    1    0.000804
   7    4    0    0    1    0.000804
   7    7   -1    0    1    0.018288
   7    7    1    0   -1    0.018288
   7    7   -1    0   -1    0.006778
   7    7    1    0    1    0.006778
   7    5    1    1    0   -0.000823
   7    5    1   -2    0   -0.000823
   7    4    2   -1    0    0.001731
   7    4    2    0    0    0.001731
   7    8    2    0    0   -0.003991
   7    8    2   -1    0   -0.003991
   7    8    2   -1    1   -0.003991
   7    8    2    0    1   -0.003991
   7    6    0    1   -1    0.015725
   7    6    0   -1   -1    0.015725
   7    6   -1    1   -1    0.015725
   7    6   -1   -1   -1    0.015725
   7    1   -1   -2    1    0.004088
   7    1   -1    1    1    0.004088
   7    3    0   -2    1   -0.001735
   7    3    0    2    1   -0.001735
   7    4   -1   -1   -1   -0.002251
   7    4   -1    0   -1   -0.002251
   7    1    0    0   -1    0.002809
   7    1    0   -1   -1    0.002809
   8    5    0    0    0    1.732932
   8    5   -1    0    0    1.732995
   8    4    0    0   -1    0.802672
   8    3    0    0    0    0.320508
   8    3    0    1    0    0.320508
   8    2   -1    1    0    0.374646
   8    2   -1    0    0    0.374646
   8    1   -1    0    0    0.167248
   8    6   -1    0    0   -0.101474
   8    6   -1    1    0   -0.101474
   8    1    0    0    0   -0.054894
   8    8    0   -1    0   -0.324732
   8    8    0    1    0   -0.324732
   8    3   -1    0    0   -0.052051
   8    3   -1    1    0   -0.052051
   8    6   -1    1   -1    0.391301
   8    6   -1    0   -1    0.391301
   8    5    0    1    0    0.062595
   8    5    0   -1    0    0.062595
   8    5   -1    1    0    0.062596
   8    5   -1   -1    0    0.062596
   8    4    0   -1   -1   -0.004349
   8    4    0    1   -1   -0.004349
   8    7    0    1   -1    0.192999
   8    7    0    0   -1    0.192999
   8    7    0    0    0    0.192999
   8    7    0    1    0    0.192999
   8    2    0    1    0    0.012601
   8    2    0    0    0    0.012601
   8    1   -1   -1    0    0.035820
   8    1   -1    1    0    0.035820
   8    4    0    0    0    0.055092
   8    4   -1    0   -1    0.034915
   8    8   -1    0    0   -0.297269
   8    8    1    0    0   -0.297269
   8    7   -1    0    0    0.009732
   8    7   -1    1    0    0.009732
   8    7   -1    1   -1    0.009735
   8    7   -1    0   -1    0.009735
   8    1    0   -1    0   -0.043042
   8    1    0    1    0   -0.043042
   8    1   -1    0   -1   -0.012231
   8    6    0    0    0    0.071031
   8    6    0    1    0    0.071031
   8    3    0   -1    0   -0.000195
   8    3    0    2    0   -0.000195
   8    2   -1    2    0   -0.020946
   8    2   -1   -1    0   -0.020946
   8    1    0    0   -1    0.010381
   8    2   -1    0    1   -0.004860
   8    2   -1    1    1   -0.004860
   8    4    0   -1    0   -0.012611
   8    4    0    1    0   -0.012611
   8    4    1    0   -1    0.020544
   8    4   -1   -1   -1    0.006189
   8    4   -1    1   -1    0.006189
   8    8   -1   -1    0   -0.047866
   8    8   -1    1    0   -0.047866
   8    8    1   -1    0   -0.047866
   8    8    1    1    0   -0.047866
   8    6    0    1   -1    0.065470
   8    6    0    0   -1    0.065470
   8    4   -1    0    0   -0.003734
   8    2   -2    1    0   -0.005270
   8    2   -2    0    0   -0.005270
   8    6   -2    0    0   -0.009428
   8    6   -2    1    0   -0.009428
   8    3    0    1   -1    0.005342
   8    3    0    0   -1    0.005342
   8    6   -1   -1    0    0.020829
   8    6   -1    2    0    0.020829
   8    1   -1    1   -1   -0.003741
   8    1   -1   -1   -1   -0.003741
   8    3    1    0    0   -0.005827
   8    3    1    1    0   -0.005827
   8    3   -1   -1    0   -0.001461
   8    3   -1    2    0   -0.001461
   8    6   -2    1   -1    0.029958
   8    6   -2    0   -1    0.029958
   8    6   -1    2   -1   -0.023394
   8    6   -1   -1   -1   -0.023394
   8    7    0    2   -1   -0.010508
   8    7    0   -1   -1   -0.010508
   8    7    0   -1    0   -0.010508
   8    7    0    2    0   -0.010508
   8    2    0    2    0   -0.013059
   8    2    0   -1    0   -0.013059
   8    1   -2    0    0    0.000061
   8    2    0    0    1    0.001231
   8    2    0    1    1    0.001231
   8    1    0    1   -1    0.008565
   8    1    0   -1   -1    0.008565
   8    8    0    0   -1    0.029686
   8    8    0    0    1    0.029686
   8    5   -1    0    1    0.014868
   8    5    0    0    1    0.014868
   8    4    1   -1   -1    0.003504
   8    4    1    1   -1    0.003504
   8    3   -1    1   -1   -0.002814
   8    3   -1    0   -1   -0.002814
   8    7   -1   -1    0    0.023440
   8    7   -1    2    0    0.023440
   8    7   -1    2   -1    0.023440
   8    7   -1   -1   -1    0.023440
   8    4    1    0    0    0.009053
   8    4   -1   -1    0   -0.010280
   8    4   -1    1    0   -0.010280
   8    5    1    0    0   -0.012519
   8    5   -2    0    0   -0.012523
   8    8    0    2    0   -0.073982
   8    8    0   -2    0   -0.073982
   8    6    0   -1    0   -0.078053
   8    6    0    2    0   -0.078053
   8    5    0    2    0    0.008889
   8    5    0   -2    0    0.008889
   8    5   -1    2    0    0.008889
   8    5   -1   -2    0    0.008889
   8    4    0   -2   -1   -0.006133
   8    4    0    2   -1   -0.006133
   8    5    0    0   -1   -0.012625
   8    5   -1    0   -1   -0.012623
   8    1   -2   -1    0   -0.003043
   8    1   -2    1    0   -0.003043
   8    1   -1   -2    0   -0.005104
   8    1   -1    2    0   -0.005104
   8    2   -1   -1    1   -0.003675
   8    2   -1    2    1   -0.003675
   8    8    0    1   -1   -0.011198
   8    8    0   -1    1   -0.011198
   8    8    0   -1   -1   -0.011198
   8    8    0    1    1   -0.011198
   8    7    1    1   -1    0.002603
   8    7    1    0   -1    0.002603
   8    7    1    0    0    0.002603
   8    7    1    1    0    0.002603
   8    5   -1   -1    1   -0.000424
   8    5   -1    1    1   -0.000424
   8    5    0   -1    1   -0.000424
   8    5    0    1    1   -0.000424
   8    4    1   -1    0    0.000597
   8    4    1    1    0    0.000597
   8    6    0    2   -1    0.002298
   8    6    0   -1   -1    0.002298
   8    5    1    1    0   -0.026417
   8    5    1   -1    0   -0.026417
   8    5   -2    1    0   -0.026417
   8    5   -2   -1    0   -0.026417
   8    1    1    0    0    0.003969
   8    2   -2    2    0   -0.007457
   8    2   -2   -1    0   -0.007458
   8    6   -2   -1    0   -0.018697
   8    6   -2    2    0   -0.018697
   8    3    0    2   -1   -0.001788
   8    3    0   -1   -1   -0.001788
   8    1    0   -2    0   -0.000835
   8    1    0    2    0   -0.000835
   8    2   -2    0    1   -0.000187
   8    2   -2    1    1   -0.000187
   8    1   -2    0   -1   -0.003637
   8    3    1   -1    0    0.002810
   8    3    1    2    0    0.002810
   8    3    0    0    1    0.000804
   8    3    0    1    1    0.000804
   8    8   -1    0    1    0.006778
   8    8    1    0   -1    0.006778
   8    8   -1    0   -1    0.018288
   8    8    1    0    1    0.018288
   8    6   -2    2   -1   -0.000824
   8    6   -2   -1   -1   -0.000824
   8    3   -2    0    0    0.001731
   8    3   -2    1    0    0.001731
   8    7   -2    0    0   -0.003991
   8    7   -2    1    0   -0.003991
   8    7   -2    1   -1   -0.003991
   8    7   -2    0   -1   -0.003991
   8    5    0    1   -1    0.015725
   8    5    0   -1   -1    0.015725
   8    5   -1    1   -1    0.015725
   8    5   -1   -1   -1    0.015725
   8    2    0   -1    1    0.004088
   8    2    0    2    1    0.004088
   8    4    0   -2    0   -0.001735
   8    4    0    2    0   -0.001735
   8    3    1    1   -1   -0.002251
   8    3    1    0   -1   -0.002251
   8    2   -1    1   -1    0.002809
   8    2   -1    0   -1    0.002809
