1    1   -.000000000000000 -.000000000000000  .499999999994618
2    2   -.333333333333333  .333333333333333 -.166667000048368
3    3    .333333333333333 -.333333333333333  .166667000000929
4    4    .498510000000002 -.498510000000000  .084872999995178
5    5   -.498510000000005  .498510000000000 -.084873000035421
6    6    .498510000000002 -.002980000000000  .084873000011573
7    7   -.498509999999994  .002980000000000 -.084872999966496
8    8    .002980000000000 -.498510000000000  .084872999970070
9    9   -.002979999999999  .498510000000000 -.084873000010775
10   10   .165177000000002 -.165177000000000  .418205999975145
11   11   .168156999999999 -.168157000000000  .248459999991458
12   12   .165176999999996  .330353000000000  .418205999972274
13   13   .168157000000000  .336314000000000  .248459999999512
14   14  -.330353000000004 -.165177000000000  .418205999967072
15   15  -.336314000000002 -.168157000000000  .248460000035998
16   16  -.168156999999997  .168157000000000 -.248460000036324
17   17  -.165177000000002  .165177000000000 -.418205999975886
18   18  -.168157000000000 -.336314000000000 -.248460000018597
19   19  -.165177000000000 -.330353000000000 -.418205999988280
20   20   .336314000000000  .168157000000000 -.248459999957961
21   21   .330352999999997  .165177000000000 -.418205999974452
