1    1   2.0348671  0 0 1
2    1   2.0348475  0 0 1
3    1   2.0348474  0 0 1
4    1   1.5694689  0 0 1
5    1   1.5694685  0 0 1
6    1   1.5694635  0 0 1
7    1   1.5694631  0 0 1
8    1   1.5694634  0 0 1
9    1   1.5694630  0 0 1
10   1   1.5694581  0 0 1
11   1   1.5694834  0 0 1
12   1   1.5694512  0 0 1
13   1   1.5694779  0 0 1
14   1   1.5694512  0 0 1
15   1   1.5694779  0 0 1
16   1   1.5694831  0 0 1
17   1   1.5694583  0 0 1
18   1   1.5694777  0 0 1
19   1   1.5694514  0 0 1
20   1   1.5694776  0 0 1
21   1   1.5694514  0 0 1
