1    1   1.7615380  0 0 1
2    1   1.7615311  0 0 1
3    1   1.7615311  0 0 1
4    1   1.8211861  0 0 1
5    1   1.8211860  0 0 1
6    1   1.8211951  0 0 1
7    1   1.8211951  0 0 1
8    1   1.8211951  0 0 1
9    1   1.8211950  0 0 1
10   1   1.8211789  0 0 1
11   1   1.8211817  0 0 1
12   1   1.8211877  0 0 1
13   1   1.8211921  0 0 1
14   1   1.8211876  0 0 1
15   1   1.8211920  0 0 1
16   1   1.8211817  0 0 1
17   1   1.8211789  0 0 1
18   1   1.8211921  0 0 1
19   1   1.8211877  0 0 1
20   1   1.8211920  0 0 1
21   1   1.8211876  0 0 1
22   1   2.0572028  0 0 1
23   1   2.0572028  0 0 1
24   1   2.0572010  0 0 1
25   1   2.0572400  0 0 1
26   1   2.0572400  0 0 1
27   1   2.0572010  0 0 1
