1    1     -.000000000000000 -.000000000000000 -.499999999999970
2    2     -.333333333333333  .333333333333333 -.166667000000149
3    3      .333333333333333 -.333333333333333  .166667000000051
4    4      .499255000000000 -.499255000000000  .080878000000191
5    5     -.499255000000000  .499255000000000 -.080878000000274
6    6      .499255000000000 -.001490000000000  .080878000000084
7    7     -.499255000000000  .001490000000000 -.080878000000200
8    8      .001490000000000 -.499255000000000  .080878000000272
9    9     -.001490000000000  .499255000000000 -.080877999999869
10   10     .165922000000000 -.165922000000000  .414211000000206
11   11     .167412000000000 -.167412000000000  .252455999999975
12   12     .165922000000000  .331844000000000  .414210999999752
13   13     .167412000000000  .334823000000000  .252455999999846
14   14    -.331844000000000 -.165922000000000  .414211000000198
15   15    -.334823000000000 -.167412000000000  .252455999999899
16   16    -.167412000000000  .167412000000000 -.252455999999791
17   17    -.165922000000000  .165922000000000 -.414211000000073
18   18    -.167412000000000 -.334823000000000 -.252455999999850
19   19    -.165922000000000 -.331844000000000 -.414211000000477
20   20     .334823000000000  .167412000000000 -.252455999999890
21   21     .331844000000000  .165922000000000 -.414211000000522
22   22     .000000000000000  .000000000000000  .332638999999676
23   23    -.000000000000000 -.000000000000000 -.332638999999972
24   24    -.333333333333333  .333333333333333 -.334027999999734
25   25    -.333333333333333  .333333333333333  .000695000000255
26   26     .333333333333333 -.333333333333333 -.000694999999985
27   27     .333333333333333 -.333333333333333  .334028000000003
