         EL/TSM 0.100E+07 0.100E+07     -1.4671     -5.8817      1.3286     -0.8288      0.5561      0.0621      0.1259      0.1517     -0.8491      4.3872      0.1248      0.1537
         EL/MSM 0.100E+07 0.100E+07      4.4179     -5.3750     -1.9519      0.8590     -0.0120     -0.5119      0.1823      0.2533      1.6329      5.0216      0.1766      0.2711
         EL/BSM 0.100E+07 0.100E+07      2.2844     -5.9065      1.4197      0.8138      0.4613      0.3535      0.1324      0.1857     -1.8946      5.5586      0.1290      0.1961
       UL12/USM 0.100E+07 0.575E+01     -2.6727     -7.3192      1.9114     -0.0092     -0.9677     -0.2520      0.1668      0.1028      3.7136      3.1802      0.1684      0.1024
       UL12/LSM 0.100E+07 0.401E+05     -2.7927     -6.3198      3.0093     -0.0236     -0.9990      0.0382      0.1060      0.0835      2.5801      2.4791      0.1069      0.0831
       UL13/USM 0.100E+07 0.575E+01     -0.0082     -7.7919      1.9114      0.3223     -0.9125     -0.2520      0.1668      0.1028      3.7136      3.1802      0.1684      0.1024
       UL13/LSM 0.100E+07 0.401E+05     -0.4628     -6.8938      3.0093      0.3195     -0.9468      0.0382      0.1060      0.0835      2.5801      2.4791      0.1069      0.0831
       UL15/USM 0.100E+07 0.575E+01      5.0023     -5.9743      1.9114      0.8334     -0.4918     -0.2520      0.1668      0.1028      3.7136      3.1802      0.1684      0.1024
       UL15/LSM 0.100E+07 0.401E+05      4.0767     -5.5785      3.0093      0.8534     -0.5199      0.0382      0.1060      0.0835      2.5801      2.4791      0.1069      0.0831
       UL16/USM 0.100E+07 0.575E+01      6.7439     -3.9031      1.9114      0.9514     -0.1771     -0.2520      0.1668      0.1028      3.7136      3.1802      0.1684      0.1024
       UL16/LSM 0.100E+07 0.401E+05      5.7389     -3.8477      3.0093      0.9797     -0.1967      0.0382      0.1060      0.0835      2.5801      2.4791      0.1069      0.0831
