         EL/TSM 0.100E+07 0.100E+07     -1.5099     -5.9010      1.3415     -0.8598      0.5049      0.0763      0.1147      0.1534     -0.6600      4.4224      0.1136      0.1562
         EL/MSM 0.100E+07 0.996E+06      4.3468     -5.4525     -1.9415      0.8519     -0.0137     -0.5236      0.1555      0.2523      1.4595      4.9243      0.1522      0.2679
         EL/BSM 0.100E+07 0.100E+07      2.3837     -5.9125      1.4559      0.8377      0.4072      0.3638      0.1176      0.1901     -1.3852      5.5790      0.1151      0.2019
       UL12/USM 0.100E+07 0.914E+00     -2.6994     -7.2080      2.0890     -0.0148     -0.9798     -0.1995      0.1584      0.0993      3.5561      3.0292      0.1603      0.0988
       UL12/LSM 0.100E+07 0.182E+05     -2.7973     -6.1953      3.0775     -0.0178     -0.9969      0.0772      0.0994      0.0769      2.4229      2.4212      0.1001      0.0766
       UL13/USM 0.100E+07 0.914E+00     -0.0713     -7.6966      2.0890      0.3212     -0.9258     -0.1995      0.1584      0.0993      3.5561      3.0292      0.1603      0.0988
       UL13/LSM 0.100E+07 0.182E+05     -0.5097     -6.7784      3.0775      0.3242     -0.9428      0.0772      0.0994      0.0769      2.4229      2.4212      0.1001      0.0766
       UL15/USM 0.100E+07 0.914E+00      4.8926     -5.9418      2.0890      0.8411     -0.5027     -0.1995      0.1584      0.0993      3.5561      3.0292      0.1603      0.0988
       UL15/LSM 0.100E+07 0.182E+05      3.9666     -5.5202      3.0775      0.8544     -0.5138      0.0772      0.0994      0.0769      2.4229      2.4212      0.1001      0.0766
       UL16/USM 0.100E+07 0.914E+00      6.6298     -3.9101      2.0890      0.9623     -0.1848     -0.1995      0.1584      0.0993      3.5561      3.0292      0.1603      0.0988
       UL16/LSM 0.100E+07 0.182E+05      5.6154     -3.8306      3.0775      0.9786     -0.1906      0.0772      0.0994      0.0769      2.4229      2.4212      0.1001      0.0766
