         EL/TSM 0.100E+07 0.100E+07     -1.4865     -5.8903      1.3357     -0.8434      0.5327      0.0700      0.1208      0.1526     -0.7543      4.3956      0.1197      0.1550
         EL/MSM 0.100E+07 0.100E+07      4.3926     -5.4132     -1.9486      0.8561     -0.0141     -0.5167      0.1705      0.2527      1.5651      4.9925      0.1660      0.2694
         EL/BSM 0.100E+07 0.100E+07      2.3313     -5.9079      1.4386      0.8253      0.4354      0.3595      0.1253      0.1876     -1.6199      5.6033      0.1224      0.1988
       UL12/USM 0.100E+07 0.316E+01     -2.6876     -7.2520      2.0089     -0.0125     -0.9747     -0.2234      0.1620      0.1010      3.6233      3.0886      0.1639      0.1005
       UL12/LSM 0.100E+07 0.310E+05     -2.7967     -6.2320      3.0475     -0.0207     -0.9980      0.0601      0.1016      0.0794      2.4752      2.4304      0.1024      0.0791
       UL13/USM 0.100E+07 0.316E+01     -0.0452     -7.7338      2.0089      0.3216     -0.9202     -0.2234      0.1620      0.1010      3.6233      3.0886      0.1639      0.1005
       UL13/LSM 0.100E+07 0.310E+05     -0.4965     -6.8127      3.0475      0.3219     -0.9449      0.0601      0.1016      0.0794      2.4752      2.4304      0.1024      0.0791
       UL15/USM 0.100E+07 0.316E+01      4.9366     -5.9535      2.0089      0.8378     -0.4982     -0.2234      0.1620      0.1010      3.6233      3.0886      0.1639      0.1005
       UL15/LSM 0.100E+07 0.310E+05      3.9988     -5.5380      3.0475      0.8539     -0.5169      0.0601      0.1016      0.0794      2.4752      2.4304      0.1024      0.0791
       UL16/USM 0.100E+07 0.316E+01      6.6751     -3.9061      2.0089      0.9577     -0.1816     -0.2234      0.1620      0.1010      3.6233      3.0886      0.1639      0.1005
       UL16/LSM 0.100E+07 0.310E+05      5.6517     -3.8363      3.0475      0.9792     -0.1937      0.0601      0.1016      0.0794      2.4752      2.4304      0.1024      0.0791
