4.105299949645996 -2.503700017929077
4.105299949645996 -1.4914000034332275
4.105299949645996 -0.47609999775886536
4.105299949645996 0.5401999950408936
4.105299949645996 1.5565999746322632
4.105299949645996 2.571899890899658
4.12529993057251 3.585200071334839
4.3246002197265625 4.337100028991699
4.935400009155273 4.719600200653076
5.753399848937988 4.53439998626709
6.5524001121521 3.925600051879883
7.401500225067139 3.1796000003814697
7.906199932098389 2.4646999835968018
8.269700050354004 1.6847000122070312
8.393799781799316 0.6353999972343445
8.305700302124023 -0.41999998688697815
7.900199890136719 -1.3372000455856323
7.282400131225586 -2.2544000148773193
6.26609992980957 -3.0434000492095947
