1    1    .000000000000010  .000000000000000  .294440000000000
2    2    .000000000000000  .000000000000010 -.294440000000000
3    3    .500000000000000  .500000000000000 -.205560000000000
4    4    .500000000000000 -.499999999999990  .205560000000000
5    5    .243179000000000  .243179000000000  .000000000000010
6    6   -.243179000000000 -.243178999999990  .000000000000000
7    7   -.243179000000000  .243179000000000  .000000000000010
8    8    .243179000000000 -.243178999999990  .000000000000000
9    9   -.256821000000000 -.256821000000000 -.499999999999990
10   10   .256821000000000  .256821000000010  .500000000000000
11   11   .256821000000000 -.256821000000000 -.499999999999990
12   12  -.256821000000000  .256821000000010  .500000000000000
13   13   .000000000000010  .500000000000000  .250000000000000
14   14   .000000000000010  .500000000000000 -.250000000000000
15   15   .500000000000000  .000000000000010  .250000000000000
16   16   .500000000000000  .000000000000010 -.250000000000000
