1    1   -.322923000000000  .177077000000000  .239079000000055
2    2    .177077000000000  .322923000000000  .239078999999942
3    3   -.177077000000000 -.322923000000000  .239079000001803
4    4    .322923000000000 -.177077000000000  .239078999998882
5    5    .500000000000000  .000000000000000  .499999000000695
6    6    .212353000000000  .066578000000000  .499999000001436
7    7   -.066578000000000  .212353000000000  .499999000000290
8    8    .433422000000000  .287648000000000  .499999000003170
9    9   -.287647000000000  .433422000000000  .499999000001664
10   10   .000000000000000  .500000000000000  .499998999999021
11   11   .287648000000000 -.433422000000000  .499998999998159
12   12  -.433422000000000 -.287647000000000  .499998999999420
13   13   .066578000000000 -.212352000000000  .499999000002165
14   14  -.212352000000000 -.066578000000000  .499999000000263
15   15  -.322923000000000  .177077000000000 -.239078999998951
16   16   .177077000000000  .322923000000000 -.239079000000260
17   17  -.177077000000000 -.322923000000000 -.239078999996806
18   18   .322923000000000 -.177077000000000 -.239079000003790
